0
0
0
0
0
0
0
0
0
0
0
0
0
0
0
0
0
0
0
0
0
0
0
0
0
0
0
0
0
0
0
0
0
0
0
0
0
0
0
0
0
0
0
0
0
0
0
0
0
0
0
0
0
0
0
0
95
81
75
69
66
63
60
51
47
43
41
39
35
35
34
34
34
34
34
34
32
31
30
27
25
24
20
19
18
18
17
17
17
19
24
29
35
56
65
67
69
70
74
76
77
78
78
78
79
79
79
78
72
65
62
59
57
57
57
57
57
58
59
59
59
60
61
61
61
61
60
60
60
58
54
51
48
42
41
40
40
41
44
44
44
44
43
43
42
40
39
38
38
38
39
41
43
43
43
41
38
35
34
33
33
34
35
36
36
36
36
36
36
36
36
36
35
35
35
34
34
35
35
36
36
36
36
36
36
36
36
36
36
36
36
36
36
37
38
38
36
32
30
25
23
20
18
16
15
15
15
14
13
12
12
14
17
21
26
32
38
38
41
42
43
44
44
44
43
39
36
33
31
29
28
27
26
26
26
26
26
26
26
26
27
28
30
33
36
41
43
47
58
64
67
67
69
72
74
76
77
77
77
77
76
74
71
67
63
59
56
55
54
54
54
55
56
57
60
63
63
64
64
63
60
56
54
48
43
39
37
36
35
34
34
35
37
43
47
53
56
59
60
60
60
60
61
61
61
61
61
61
61
61
61
61
61
61
61
61
61
61
61
58
54
49
47
46
46
46
46
47
51
54
57
59
59
58
57
56
55
55
55
55
55
55
55
55
55
55
55
55
55
55
55
55
56
60
62
62
63
63
63
61
57
48
44
37
34
32
32
36
39
43
48
54
56
58
60
62
62
61
59
54
50
45
43
43
46
52
63
78
85
88
88
87
86
83
82
82
82
82
82
81
80
79
79
79
79
79
79
79
79
79
79
79
79
79
79
79
79
79
79
79
79
79
79
79
79
79
79
79
79
79
79
79
79
79
79
